5 cm
35
35
35
35
34
34
35
35
36
35
35
35
35
35
35
34
35
35
35
35
35
35
36
35
36
35
36
35
36
35
36
35
35
35
35
35
35
35
35
35
35
35
35
35
35
35
35
35
35
35
34
36
34
36
35
35
35
35
35
35
36
35
36
35
36
35
35
35
35
35
35
35
35
35
35
34
36
34
35
34
35
35
36
34
36
35
36
35
35
36
36
36
36
36
37
36
37
36
37
36

10 cm
78
79
78
80
77
80
77
80
77
80
78
80
79
80
79
80
79
80
79
79
79
80
79
80
79
79
80
79
80
80
80
80
80
80
80
80
80
80
81
80
81
80
81
79
81
79
80
79
80
79
80
79
80
79
79
80
79
80
79
80
79
80
79
80
79
80
79
79
78
79
79
79
79
79
79
79
79
79
79
79
79
79
79
79
79
79
79
79
80
79
80
79
79
79
79
79
78
80
78
80

20 cm
165
163
166
163
164
159
165
161
165
160
166
162
166
162
166
162
167
161
167
160
165
161
166
161
166
163
165
162
167
162
164
163
166
166
164
164
163
165
163
166
162
165
163
163
165
164
167
165
167
160
168
163
167
162
168
165
165
162
164
161
165
163
165
163
165
164
162
161
162
165
162
164
160
165
160
166
160
166
162
167
162
167
162
165
163
165
162
164
162
166
164
162
165
163
165
165
164
167
163
165

30 cm
272
268
281
273
284
272
279
272
278
266
280
263
271
272
264
269
256
265
257
268
256
268
244
263
250
256
252
258
252
261
262
260
260
265
265
265
263
263
265
263
273
263
266
259
275
255
269
255
271
255
271
256
267
258
263
260
262
259
266
265
269
261
268
261
268
258
273
253
267
257
270
252
266
257
270
258
271
257
267
264
267
262
264
266
265
264
258
265
259
265
265
265
269
268
265
268
270
270
270
271

40 cm
357
359
363
353
363
354
378
355
368
350
359
355
353
356
345
357
347
351
334
343
337
347
338
344
342
345
339
356
334
355
349
370
351
373
350
367
349
359
352
354
355
347
341
339
333
332
331
337
334
341
342
336
340
348
346
341
356
343
363
344
352
342
348
352
349
348
349
345
350
345
351
344
361
343
356
341
354
338
359
353
352
351
355
348
358
354
365
345
366
343
350
345
346
341
336
345
330
341
324
342

50 cm
467
476
470
468
481
460
484
457
492
459
488
463
487
468
477
471
467
476
470
476
464
492
474
497
471
493
479
494
492
488
491
504
497
483
493
475
496
479
491
498
490
477
486
469
485
484
487
485
489
486
486
484
493
486
495
485
489
486
473
481
474
467
476
477
489
484
499
493
502
483
503
497
513
493
510
498
520
472
523
487
516
481
521
462
515
481
516
481
508
484
494
485
484
495
478
494
478
494
477
497

60 cm
600
607
614
609
616
601
610
592
608
606
615
616
611
626
604
626
606
623
603
622
599
614
614
609
592
608
605
612
611
602
595
603
606
603
614
608
606
614
615
624
616
617
612
593
622
609
607
615
589
617
602
613
595
612
596
611
588
619
603
606
596
596
616
608
608
607
602
598
595
598
595
604
608
598
618
617
593
608
607
608
604
605
602
596
594
595
552
550
544
545
540
610
618
612
548
617
587
597
599