5 cm
28
28
27
28
27
28
26
28
26
27
27
28
27
28
27
28
28
28
29
29
29
29
29
28
29
28
28
28
28
27
28
27
27
27
28
28
28
28
28
28
28
28
28
28
28
28
28
28
28
28
28
29
28
28
28
28
28
28
27
29
28
29
28
28
28
29
28
29
29
29
29
28
29
28
29
28
29
28
29
27
28
27
27
27
27
27
27
27
27
27
27
28
27
28
28
28
28
29
28
29

10 cm
76
77
76
76
76
76
76
76
76
76
76
76
75
76
75
76
75
75
76
75
76
75
76
76
76
76
76
76
76
76
76
76
76
76
75
75
75
75
76
75
75
76
75
75
76
76
76
76
76
76
76
76
76
76
76
76
76
76
76
76
75
76
75
76
75
76
75
76
75
76
75
76
75
76
75
76
76
76
76
76
76
77
76
77
76
77
76
77
76
77
76
77
76
76
76
76
77
76
76
76

20 cm
176
175
176
174
176
174
176
174
175
173
175
174
175
173
175
174
174
175
174
174
174
175
173
175
173
176
172
175
173
175
174
175
174
175
175
174
175
174
175
174
175
174
175
175
175
175
175
175
175
175
175
174
176
174
176
172
176
173
175
173
175
173
175
174
174
175
174
175
174
175
175
175
175
176
175
175
175
174
175
174
174
175
174
174
174
174
174
174
174
174
175
174
175
173
175
174
175
173
175
174

40 cm
363
358
363
359
361
358
359
359
359
360
361
361
361
361
361
362
363
363
363
363
362
363
360
363
360
363
360
362
359
362
358
362
358
363
357
361
354
362
356
363
357
363
359
363
359
363
360
365
362
365
361
363
358
362
356
361
357
361
358
359
356
358
355
358
358
359
359
358
358
356
358
356
359
357
360
357
357
358
356
358
356
358
355
360
356
359
356
360
358
359
357
359
358
361
360
360
361
362
361
362

60 cm
570
565
569
564
569
568
566
568
564
568
563
566
562
563
561
563
563
565
564
564
566
565
567
567
570
568
570
567
570
565
571
566
569
567
567
565
566
566
566
566
564
566
564
563
562
562
565
563
562
563
563
564
564
566
563
567
565
568
564
569
565
569
565
568
565
566
566
564
568
562
567
559
567
559
567
558
563
560
564
560
562
560
562
558
561
557
561
557
565
558
563
559
565
557
565
560
565
563
565
566

80 cm
768
771
770
768
764
769
763
768
761
763
763
763
760
762
755
762
758
762
756
762
759
766
759
764
758
765
758
766
757
765
762
766
766
766
763
769
762
765
764
767
764
767
762
766
760
765
762
763
765
767
763
764
762
767
763
766
764
768
761
769
757
771
761
774
765
774
763
773
759
771
762
770
765
769
765
768
765
767
770
767
771
766
768
766
769
765
770
764
766
764
760
762
759
765
759
766
753
767
751
763

100 cm
958
962
959
964
960
968
960
968
960
966
959
969
959
965
956
964
958
961
958
962
956
959
957
958
955
958
958
959
957
954
957
953
960
955
960
957
960
959
959
953
957
957
953
960
949
960
952
956
951
957
950
959
953
957
955
955
959
955
955
958
959
960
957
959
953
957
953
958
953
954
952
953
949
951
952
950
954
950
954
951
951
953
952
950
956
948
952
952
955
956
950
957
948
957
948
961
940
966
945
963

120 cm
1158
1165
1159
1165
1159
1162
1164
1164
1164
1159
1160
1160
1155
1155
1152
1152
1153
1151
1152
1159
1149
1160
1152
1160
1163
1161
1167
1162
1166
1169
1162
1163
1166
1167
1169
1169
1164
1165
1161
1168
1164
1156
1164
1159
1158
1153
1155
1150
1165
1149
1160
1144
1155
1155
1151
1149
1157
1151
1153
1151
1142
1150
1146
1151
1150
1152
1155
1159
1148
1160
1148
1159
1145
1157
1147
1159
1148
1155
1147
1152
1149
1147
1155
1149
1159
1152
1162
1148
1155
1150
1156
1150
1155
1152
1148
1153
1155
1155
1146
1154

140 cm
1359
1375
1360
1368
1361
1363
1365
1361
1362
1355
1364
1360
1370
1363
1369
1362
1372
1365
1373
1367
1378
1369
1369
1365
1363
1367
1362
1369
1359
1371
1356
1364
1348
1358
1354
1359
1354
1362
1364
1370
1362
1372
1360
1374
1363
1372
1366
1373
1366
1371
1360
1365
1360
1369
1362
1366
1363
1362
1356
1372
1358
1367
1357
1371
1357
1373
1352
1376
1356
1382
1360
1377
1363
1376
1367
1371
1365
1363
1370
1367
1368
1369
1360
1361
1362
1360
1365
1357
1374
1363
1373
1356
1380
1355
1392
1367
1388
1366
1383
1373

160 cm
1562
1549
1558
1544
1556
1551
1552
1549
1554
1559
1568
1565
1566
1571
1568
1565
1566
1571
1576
1574
1582
1569
1566
1570
1567
1564
1570
1562
1574
1556
1570
1557
1562
1560
1566
1565
1561
1565
1560
1571
1553
1569
1539
1575
1532
1573
1537
1568
1540
1567
1543
1568
1545
1567
1552
1561
1555
1554
1553
1551
1556
1553
1552
1548
1555
1546
1554
1547
1563
1555
1565
1560
1564
1562
1564
1559
1561
1563
1561
1563
1554
1553
1551
1549
1545
1543
1551
1549
1558
1543
1565
1540
1567
1555
1576
1557
1587
1563
1586
1565

180 cm
1766
1751
1773
1755
1773
1760
1770
1765
1775
1775
1777
1768
1766
1773
1768
1773
1764
1761
1771
1763
1769
1756
1769
1766
1776
1764
1774
1761
1780
1763
1776
1743
1771
1757
1767
1755
1767
1749
1766
1740
1758
1757
1754
1776
1757
1768
1760
1772
1755
1776
1746
1793
1744
1766
1752
1765
1748
1772
1746
1779
1751
1789
1767
1784
1771
1787
1778
1788
1773
1781
1771
1767
1770
1748
1773
1745
1774
1756
1760
1756
1764
1754
1768
1762
1772
1764
1763
1760
1764
1748
1773
1752
1776
1757
1774
1755
1769
1771
1765
1775

200 cm
1978
1960
1967
1960
1965
1958
1961
1964
1966
1956
1960
1956
1960
1963
1969
1964
1972
1974
1982
1972
1976
1974
1983
1972
1982
1970
1967
1977
1958
1968
1954
1969
1966
1963
1957
1959
1963
1956
1958
1942
1957
1950
1954
1946
1950
1945
1956
1949
1965
1957
1979
1947
1986
1944
1980
1952
1985
1960
1978
1969
1969
1972
1967
1979
1968
1971
1970
1973
1973
1978
1967
1972
1959
1953
1972
1967
1958
1970
1963
1965
1955
1961
1969
1963
1982
1976
1970
1975
1978
1966
1968
1967
1964
1961
1965
1972
1961
1966
1966
1960

220 cm
2182
2158
2166
2155
2175
2158
2174
2176
2170
2177
2156
2164
2156
2165
2159
2166
2147
2143
2137
2129
2126
2124
2135
2138
2133
2150
2138
2139
2135
2167
2153
2173
2154
2174
2159
2162
2148
2156
2153
2168
2168
2162
2150
2157
2164
2158
2155
2170
2164
2140
2157
2140
2149
2134
2153
2135
2152
2140
2159
2136
2165
2139
2167
2150
2167
2151
2166
2148
2152
2151
2148
2160
2148
2167
2129
2161
2130
2168
2137
2171
2150
2167
2150
2168
2146
2171
2150
2168
2153
2158
2145
2163
2147
2156
2157
2169
2169
2170
2170
2182

240 cm
2355
2400
2347
2398
2354
2380
2355
2358
2358
2365
2370
2373
2371
2371
2381
2361
2376
2374
2377
2377
2371
2366
2367
2336
2368
2333
2366
2332
2366
2327
2363
2330
2360
2328
2356
2340
2366
2337
2358
2342
2363
2348
2362
2351
2368
2366
2367
2373
2349
2375
2352
2368
2352
2359
2358
2359
2357
2354
2354
2350
2372
2357
2377
2370
2368
2368
2368
2360
2365
2353
2378
2355
2366
2345
2370
2331
2385
2335
2384
2335
2402
2352
2403
2351
2402
2364
2395
2367
2400
2366
2390
2377
2379
2373
2370
2366
2372
2372
2373
2361

260 cm
2540
2575
2545
2572
2559
2569
2574
2566
2590
2568
2574
2562
2558
2572
2561
2559
2540
2562
2537
2573
2539
2569
2562
2581
2577
2577
2579
2588
2593
2586
2598
2567
2584
2560
2583
2553
2566
2557
2584
2564
2584
2559
2595
2556
2610
2566
2616
2575
2616
2576
2602
2580
2588
2587
2566
2586
2542
2588
2549
2582
2557
2577
2547
2576
2542
2592
2545
2587
2563
2586
2553
2597
2557
2617
2569
2622
2571
2599
2564
2607
2557
2596
2561
2572
2562
2552
2547
2555
2547
2569
2554
2569
2561
2575
2583
2598
2567
2609
2571
2579

280 cm
2761
2793
2783
2791
2774
2761
2771
2781
2769
2776
2777
2762
2786
2766
2773
2760
2767
2766
2761
2781
2758
2789
2754
2786
2752
2781
2733
2765
2737
2775
2750
2763
2755
2742
2734
2749
2744
2744
2784
2725
2731
2720
2726
2724
2722
2732
2726
2732
2726
2737
2742
2759
2764
2769
2751
2765
2755
2774
2785
2764
2765
2743
2751
2731
2755
2706
2747
2721
2737
2723
2737
2734
2735
2745
2734
2764
2729
2772
2724
2768
2776
2777
2774
2780
2771
2779
2774
2767
2785
2778
2777
2730
2768
2749
2773
2739
2778
2757
2776
2768

300 cm
2963
2967
2947
2973
2948
2967
2956
2967
2961
2986
2929
2992
2937
2981
2942
2978
2934
2978
2927
2973
2916
2976
2936
2975
2923
2988
2921
2993
2922
3000
2915
3000
2913
3008
2915
3011
2925
2977
2946
2964
2937
2997
2935
2976
2946
2976
2940
2970
2940
2942
2976
2945
2956
2950
2938
2944
2958
2947
2966
2915
2981
2913
2985
2891
2969
2892
2955
2903
2943
2901
2948
2943
2940
2923
2933
2945
2931
2947
2933
2944
2944
2938
2941
2928
2944
2930
2952
2928
2960
2929
2977
2943
2953
2953
2944
2975
2963
2972
2973
2959

320 cm
3125
3151
3099
3143
3102
3138
3110
3153
3098
3150
3128
3138
3127
3142
3137
3132
3150
3151
3163
3158
3116
3170
3097
3168
3116
3156
3121
3151
3124
3163
3129
3161
3146
3149
3161
3145
3140
3137
3054
3120
3125
3114
3123
3122
3138
3131
3139
3143
3144
3150
3154
3160
3146
3167
3142
3175
3116
3176
3119
3213
3135
3225
3138
3216
3144
3205
3159
3219
3157
3233
3163
3180
3156
3161
3151
3175
3155
3178
3168
3166
3143
3168
3124
3165
3159
3148
3156
3157
3153
3158
3130
3150
3132
3146
3173
3143
3160
3152
3163
3137