5 cm
37
37
37
36
38
36
38
36
37
36
37
37
37
37
37
37
37
37
37
37
37
37
37
37
37
37
37
38
37
38
37
38
37
38
38
37
38
37
38
36
38
36
38
37
38
37
38
37
38
37
38
37
38
38
38
38
39
38
39
38
38
38
38
38
38
38
38
38
37
37
37
37
37
38
37
37
37
38
37
38
38
38
37
38
37
38
37
38
37
38
37
38
37
38
37
38
37
38
37
38

10 cm
83
83
83
83
83
83
83
83
83
83
83
83
84
83
84
83
84
83
84
83
84
83
84
83
83
83
83
83
83
83
83
83
83
84
83
84
84
84
84
84
84
84
84
84
83
83
84
84
83
83
83
84
83
84
83
84
83
84
82
83
82
83
83
83
83
83
83
83
83
84
83
84
83
84
83
84
83
84
83
84
83
84
83
84
83
84
83
84
83
84
82
83
82
84
83
84
84
83
83
83

20 cm
183
183
183
183
183
183
183
182
183
182
183
182
183
182
182
182
183
182
183
182
183
182
183
182
183
182
183
182
183
182
183
182
183
181
183
182
184
182
183
182
183
181
182
182
182
182
182
182
181
182
181
182
182
182
183
182
182
182
182
182
183
182
183
183
183
182
183
183
182
183
182
182
182
183
182
182
183
182
182
182
182
182
182
182
182
181
183
181
183
181
183
182
183
182
183
182
183
183
183
182

40 cm
389
390
387
389
387
388
387
388
388
387
387
389
386
387
387
386
387
387
387
387
388
388
388
388
390
389
390
389
391
388
391
387
391
387
391
385
390
384
388
386
388
387
389
387
388
387
387
389
388
391
389
390
390
391
389
390
391
391
392
390
391
390
391
389
392
387
391
390
392
389
390
389
391
389
390
391
391
390
390
389
390
388
390
389
392
389
389
388
388
388
388
388
388
387
388
388
387
387
390
388

60 cm
597
599
595
596
593
596
589
596
589
593
586
594
586
593
586
592
585
587
587
585
587
587
591
585
591
582
594
581
592
585
589
584
591
585
592
588
592
595
591
594
592
594
593
592
589
591
585
590
583
586
587
585
589
590
592
591
592
590
593
591
594
594
592
595
592
598
591
596
593
599
592
599
593
596
594
600
591
594
589
596
585
592
588
587
589
589
583
583
587
583
589
584
592
586
591
595
590
596
595
600

80 cm
794
777
792
778
793
780
792
776
792
776
786
778
784
774
783
778
780
778
780
777
786
780
786
779
791
782
791
783
792
780
799
787
794
789
797
789
792
794
795
796
792
794
784
792
782
789
779
794
778
784
777
788
777
797
770
806
767
802
772
795
774
790
778
790
778
791
783
781
782
790
785
787
784
788
779
790
779
786
781
786
790
782
783
783
784
781
786
785
791
775
790
776
782
781
784
783
785
787
788
782

100 cm
967
954
981
958
986
968
986
970
987
974
985
975
984
985
972
980
971
977
970
967
963
955
968
961
963
955
957
951
957
949
962
951
964
967
967
966
979
969
981
970
982
973
989
977
991
978
986
971
978
975
979
983
971
978
969
980
954
974
951
983
950
977
948
970
956
972
950
962
960
967
954
969
956
970
950
968
955
981
954
977
954
982
966
971
972
967
979
958
975
963
971
960
980
964
984
969
982
974
981
984

120 cm
1159
1154
1163
1177
1165
1183
1155
1183
1151
1184
1153
1179
1152
1179
1157
1177
1151
1171
1150
1170
1153
1167
1158
1180
1172
1177
1176
1169
1182
1165
1190
1169
1185
1170
1183
1166
1173
1165
1170
1169
1167
1172
1177
1177
1169
1176
1168
1177
1175
1184
1176
1181
1183
1183
1176
1176
1188
1177
1187
1181
1186
1171
1176
1173
1175
1169
1175
1180
1168
1190
1168
1185
1170
1185
1178
1179
1164
1175
1167
1165
1178
1166
1185
1161
1180
1167
1180
1162
1181
1163
1177
1156
1174
1149
1172
1148
1172
1148
1162
1159

140 cm
1392
1398
1380
1400
1317
1404
1407
1401
1391
1389
1385
1397
1399
1391
1404
1394
1390
1436
1401
1436
1429
1446
1444
1392
1434
1384
1435
1409
1406
1384
1391
1412
1409
1419
1405
1412
1401
1396
1322
1377
1388
1384
1385
1399
1381
1397
1396
1376
1364
1367
1408
1416
1412
1395
1401
1412
1408
1393
1398
1398
1314
1317
1383
1388
1396
1427
1390
1392
1413
1436
1439
1438
1443
1407
1399
1378
1391
1391
1414
1305
1321
1316
1317
1384
1378
1376
1372
1366
1290
1365
1303
1304
1309
1303
1320
1380
1370
1367
1379
1377

160 cm
1590
1563
1582
1568
1588
1555
1593
1569
1594
1581
1604
1566
1612
1560
1608
1545
1593
1551
1588
1541
1580
1504
1556
1524
1543
1554
1553
1565
1553
1568
1564
1565
1565
1543
1576
1553
1561
1546
1568
1560
1566
1535
1556
1542
1562
1566
1556
1546
1575
1563
1566
1558
1548
1566
1576
1567
1557
1580
1543
1599
1527
1594
1548
1590
1557
1593
1551
1586
1548
1565
1565
1560
1560
1562
1551
1579
1521
1522
1556
1531
1524
1541
1555
1544
1546
1562
1559
1580
1567
1570
1575
1573
1578
1567
1571
1564
1562
1560
1575
1537

180 cm
1772
1712
1689
1763
1683
1697
1748
1706
1746
1773
1740
1742
1767
1787
1778
1741
1771
1769
1763
1770
1767
1779
1777
1768
1791
1780
1782
1784
1772
1706
1788
1778
1783
1761
1771
1705
1683
1673
1675
1731
1774
1724
1779
1730
1770
1730
1763
1727
1737
1753
1706
1694
1707
1704
1703
1688
1682
1693
1720
1737
1733
1755
1738
1749
1747
1791
1791
1679
1660
1748
1744
1679
1699
1682
1766
1686
1767
1675
1764
1685
1685
1690
1703
1690
1755
1777
1759
1697
1700
1755
1708
1665
1659
1688
1678
1690
1696
1779
1766
1780