5 cm
70
70
70
70
70
70
70
70
70
70

10 cm
100
99
100
102
102
99
100
101
100
101

20 cm
172
173
170
172
175
169
168
172
172
168
170

40 cm
418
419
416
420
419
417
425
416
422
417

80 cm
909
918
908
893
912
895
913
921
904
907
892
918
899
881

120 cm
1336
1305
1344
1320
1378
1348
1288
1360
1289
1344
1414
1317

160 cm
1741
1720
1632
1744
1749
1645
1672
1726
1870
1766
1722
1683
1751
1694

200 cm
2061
2031
2058
2051
1966
1855
2064
1982
2080
2048
2023
1969
2070

240 cm
2309
2379
2371
2188
2337
2040
2270
2151
2464
2392
2197
2074
2177
2267
2369