5 cm
70
70
70
70
70
70
70
70
70
70

10 cm
101
97
99
99
99
97
98
97
100
100

20 cm
170
171
171
170
168
171
169
171
170
170
169

40 cm
394
397
396
396
396
397
395
393
400
397

80 cm
821
827
811
803
807
819
814
810
809
820
818

120 cm
1204
1198
1195
1236
1184
1204
1181
1193
1170
1192
1189
1194
1204

160 cm
1581
1568
1598
1518
1524
1552
1580
1577
1599
1601
1569
1568
1563

200 cm
1911
1957
1794
1868
1887
1934
1929
1861
1838
1903
1953
1846

240 cm
2159
1704
2046
2056
2031
1826
2085
1921
1902
2319
2030
2166
1981
2108